UK <-
structure(c(225, 208, 201, 199, 207, 215, 240, 245, 295, 293, 
279, 287, 331, 396, 432, 462, 454, 446, 426, 402, 363, 342, 325, 
312, 291, 293, 304, 330, 357, 401, 447, 483, 535, 520, 489, 456, 
386, 368, 358, 330, 306, 304, 321, 305, 279, 282, 318, 414, 463, 
506, 538, 536, 544, 541, 547, 532, 532, 519, 547, 544, 81.37, 
82.6, 82.3, 83, 82.87, 83.6, 83.33, 83.53, 84.27, 85.5, 84.33, 
84.3, 85.07, 83.6, 84.37, 84.5, 85.2, 87.07, 88.4, 90.03, 92.3, 
92.13, 93.17, 93.5, 94.77, 95.37, 95.03, 95.23, 95.07, 96.4, 
96.97, 96.5, 96.16, 99.79, 101.14, 102.95, 103.96, 105.28, 105.81, 
107.14, 108.07, 107.64, 108.87, 109.75, 110.2, 110.2, 110.9, 
110.4, 111, 112.1, 112.5, 113, 114.3, 115.1, 116.4, 117.8, 116.8, 
117.8, 119, 119.6), .Dim = c(60L, 2L), .Dimnames = list(NULL, 
    c("Series 1", "Series 2")), .Tsp = c(1950, 1964.75, 4), class = c("mts", 
"ts", "matrix"))
